412 813 1
54 295
48 198
164 396
39 282
65 196
90 379
43 411
82 250
235 303
182 282
9 342
22 349
13 49
65 293
5 359
212 394
205 218
44 129
61 392
182 344
258 385
156 189
127 333
105 327
126 148
353 366
320 349
133 205
27 290
230 314
11 382
102 335
31 318
79 236
223 313
281 315
139 340
59 379
81 383
13 206
61 400
296 360
218 267
75 104
203 213
177 371
207 309
248 401
309 371
248 346
6 353
368 410
109 196
3 150
366 403
168 328
300 316
106 275
241 389
1 201
44 277
275 312
7 194
298 322
329 337
14 294
56 204
147 174
154 188
41 114
4 126
62 410
119 227
132 341
13 104
219 263
240 293
16 105
80 229
202 292
78 172
28 302
229 350
168 188
111 172
3 271
80 166
32 334
26 153
322 328
44 109
92 99
247 342
123 306
43 234
14 54
363 390
141 357
102 355
72 382
248 315
32 82
6 94
116 401
316 367
76 262
300 316
325 401
106 132
293 306
170 311
44 410
115 137
250 398
148 223
122 248
174 307
129 251
28 115
136 170
321 335
138 352
60 106
63 127
222 273
132 226
279 360
191 206
160 287
36 120
57 318
140 165
238 339
351 379
68 123
193 382
382 390
202 365
66 100
215 295
276 285
94 411
193 244
148 203
47 217
40 205
128 184
78 221
84 157
16 238
117 278
242 382
149 409
90 341
343 388
191 256
80 140
57 137
78 288
176 342
106 201
94 163
164 358
59 231
73 95
32 306
347 399
84 300
254 399
5 212
1 33
126 354
200 325
9 48
54 220
36 187
22 95
231 343
80 173
66 314
317 324
212 398
169 371
132 270
198 377
356 392
200 209
42 354
259 288
309 408
84 279
173 236
10 327
38 207
249 275
381 395
114 412
81 285
160 184
78 403
7 338
30 221
88 363
324 352
201 346
295 333
38 405
90 358
97 149
123 141
146 165
217 347
9 22
20 206
42 175
53 315
210 372
117 129
176 243
10 165
209 336
253 298
260 325
31 184
278 384
3 21
231 299
4 94
66 406
271 385
133 190
375 399
5 77
65 121
23 399
29 147
198 318
365 392
38 345
44 128
42 81
206 270
145 394
41 178
210 394
12 352
73 330
23 247
38 101
30 356
50 113
241 327
106 130
79 118
103 190
21 364
104 115
99 242
62 223
300 393
281 338
168 208
76 390
249 270
183 248
11 76
143 309
1 371
71 184
20 381
75 78
146 340
318 389
83 335
10 388
104 326
307 404
148 289
210 300
63 248
302 364
58 397
88 356
241 401
35 249
45 227
281 304
13 106
262 352
122 353
153 376
58 80
61 374
264 279
26 63
176 223
243 284
307 348
45 60
202 410
36 37
201 392
258 330
80 142
79 297
222 253
72 335
230 283
145 203
60 265
215 331
170 320
87 332
166 190
230 378
19 392
146 155
9 258
283 369
289 357
139 244
242 291
24 74
331 342
1 148
264 355
55 402
305 320
52 76
49 184
150 325
346 364
8 368
58 200
43 363
170 182
17 375
114 178
258 262
205 210
48 322
22 206
190 321
71 271
154 372
76 345
56 83
151 274
53 318
171 212
221 258
58 216
35 166
37 207
74 217
162 365
165 373
105 379
298 408
243 275
190 312
184 259
157 394
50 100
86 151
230 274
43 344
185 239
64 404
1 99
256 285
143 179
49 410
194 357
27 195
25 212
196 255
16 19
132 320
17 401
221 222
297 371
28 264
143 346
191 297
53 150
18 302
88 269
127 361
217 305
80 392
51 283
306 335
118 354
130 283
192 377
278 407
192 406
308 313
102 160
6 207
97 263
23 186
184 405
321 397
7 130
346 390
91 232
172 318
266 276
62 344
196 221
63 85
286 324
309 330
302 332
87 187
122 253
280 370
348 357
352 367
72 361
271 296
39 74
32 237
269 358
42 177
32 296
82 171
79 355
97 198
210 365
68 349
214 334
296 400
49 346
24 225
199 255
32 241
192 381
241 400
228 233
212 218
201 397
244 344
63 92
4 221
166 211
154 289
273 379
85 171
115 249
111 197
78 337
338 375
190 335
204 276
26 130
158 242
61 348
329 409
9 303
184 213
283 358
166 200
175 210
59 108
107 129
33 96
279 364
72 344
98 226
21 365
159 253
93 336
53 296
24 160
344 365
120 369
141 310
145 373
294 353
152 190
246 257
61 118
242 361
54 280
3 304
116 211
81 383
157 326
15 223
18 229
2 95
44 300
131 393
110 353
228 382
9 125
18 313
256 412
268 338
140 282
35 379
126 187
36 212
125 134
59 335
151 403
167 334
126 380
268 299
70 335
92 406
341 372
21 37
16 372
204 395
274 353
262 383
23 287
230 321
126 228
26 210
134 365
50 405
21 350
215 403
94 407
59 94
42 358
186 205
119 272
63 200
2 325
120 293
227 366
225 312
72 408
116 240
38 149
42 142
236 349
8 198
293 367
56 330
269 290
115 266
72 324
102 358
201 217
51 355
77 156
161 288
11 46
326 357
82 367
6 348
60 69
229 396
19 33
229 339
153 378
250 332
283 287
37 71
263 294
153 312
311 391
173 239
48 402
262 382
119 262
92 193
254 323
35 360
12 316
193 207
169 343
272 400
79 372
330 368
73 132
163 405
275 388
94 134
245 265
325 393
61 155
235 403
172 195
17 145
150 327
117 209
33 60
101 148
319 376
33 321
32 121
126 273
22 27
27 380
7 322
174 219
338 403
278 356
204 308
182 249
18 227
19 87
269 319
9 12
15 196
136 327
121 179
12 83
323 342
62 253
282 368
164 400
312 393
48 275
39 221
53 311
112 323
252 270
24 71
120 270
108 295
234 300
1 30
165 312
47 284
384 390
273 331
50 305
272 299
26 27
16 149
88 383
42 305
88 306
34 274
61 390
146 298
178 222
123 139
76 250
17 76
263 286
94 271
44 106
61 250
45 271
14 160
137 326
98 328
50 166
38 391
176 275
18 156
109 365
195 264
253 296
259 303
70 225
217 355
364 409
150 180
285 381
171 397
149 194
273 347
355 365
217 329
300 307
50 273
133 331
10 218
269 368
239 247
129 147
288 352
19 338
20 89
114 358
42 77
283 344
114 287
391 400
26 53
266 294
196 408
41 154
150 311
195 246
182 220
170 405
83 239
40 408
265 357
108 365
172 308
68 308
130 238
131 353
45 179
62 145
26 328
121 407
181 276
229 347
144 374
56 360
2 362
123 363
135 201
35 162
332 378
81 148
63 103
52 80
378 385
36 353
3 226
14 235
65 253
104 329
304 407
21 231
119 260
89 253
124 141
93 104
110 181
123 187
224 319
288 378
54 258
109 149
13 278
39 77
17 243
310 352
46 133
200 275
139 301
95 155
215 252
47 186
140 247
172 375
14 114
222 291
247 373
102 398
243 360
36 66
196 398
77 310
207 367
184 256
222 247
254 316
305 363
125 212
37 304
93 294
87 193
341 354
182 403
142 168
246 290
47 191
214 397
13 111
2 66
322 402
96 155
110 343
1 185
235 374
154 311
109 267
145 301
323 332
9 272
138 151
72 316
93 98
51 107
355 357
269 394
143 368
33 90
199 222
13 231
176 404
327 328
133 229
279 391
218 408
59 96
120 226
140 208
135 359
93 132
123 408
287 313
96 350
153 320
19 381
116 219
92
74
132 85 125 401 100 300 120 259 60 60 117 38 317 296 88 226 407 377 134 112 57 408 239 164 262 239 311 130 234 168 3 129 367 185 92 343 167 205 42 7 149 147 252 164 390 227 292 54 273 15 386 191 387 144 271 340 192 85 1 331 189 400 289 88 210 302 166 219 65 372 364 183 291 114 