192203
904181
118195
596358
356764
960747
598314
132849
738415
82591
509752
886290
498346
754447
9299
380523
172860
360066
575656
649891
908383
688187
649719
32282
505268
892484
337816
484564
251679
413725
304597
751617
972026
351122
793411
983881
180005
567849
160868
52882
171858
265584
344124
522268
288767
140426
79507
831347
7887
595711
895223
406362
98997
655104
900503
366924
371887
577774
310521
536797
810986
811805
690846
850741
957160
464812
813141
343173
522252
943851
403666
845204
171670
930919
322241
234137
433627
363206
41853
779067
459035
259316
757640
348047
191061
953920
376633
587204
235838
173226
914902
532984
189862
789416
603871
171619
35012
656966
360290
679511
486555
737817
575133
131350
779702
877242
632838
222461
935992
812232
804104
183618
635774
605866
696272
692827
991958
391730
568809
918393
932954
285289
760200
245028
187415
283685
311627
847650
244975
319660
785782
61383
786603
727098
608676
198732
934502
95358
312159
768762
498113
909822
424551
141538
72191
459516
778212
170848
