1
871
1 2 743839335
2 3 635670292
2 4 746156157
3 5 317249517
1 6 441886617
3 7 97257839
4 8 487917809
5 9 268936377
3 10 410655826
10 11 569388860
1 12 820102865
5 13 761314055
11 14 72986813
6 15 826017221
7 16 257699973
11 17 825698123
5 18 72355926
6 19 65033635
17 20 978617465
19 21 89217055
10 22 400217495
2 23 393104898
6 24 265449796
19 25 6087173
18 26 182984720
5 27 228259112
2 28 452909184
8 29 392067692
26 30 262941475
12 31 704243664
4 32 644487649
24 33 442455797
4 34 191757981
27 35 179660937
23 36 330388504
13 37 621572297
28 38 479967119
14 39 76256902
3 40 601263969
14 41 54729679
9 42 702043514
21 43 573087096
8 44 713989922
11 45 113842623
5 46 838686169
15 47 961731397
40 48 71580454
10 49 595130922
4 50 389297122
6 51 266733596
34 52 26915489
6 53 960817514
15 54 107867223
26 55 153786551
20 56 105177469
42 57 920405485
27 58 9500144
58 59 513882603
9 60 157611981
17 61 581363056
39 62 144020863
57 63 911520901
46 64 46696962
24 65 229778723
38 66 133135802
43 67 333610720
65 68 762149574
49 69 37188118
39 70 837966396
11 71 818066451
4 72 193104781
66 73 824402272
54 74 699812085
63 75 648651752
50 76 531620374
14 77 239804590
4 78 638340191
58 79 121214647
20 80 52566050
13 81 101838028
9 82 97354169
35 83 888785163
74 84 896398793
83 85 96738040
80 86 832050112
55 87 644814583
22 88 994868384
38 89 636706944
23 90 69784702
18 91 678253473
70 92 779551077
90 93 500631051
37 94 402007718
11 95 542459829
21 96 496906642
61 97 152789264
49 98 28814704
20 99 176076805
45 100 205314361
63 101 678114166
84 102 883467854
61 103 925762122
84 104 990207644
68 105 108044546
4 106 938163491
29 107 654564654
83 108 912832344
10 109 276971459
86 110 183511554
44 111 430960671
101 112 297970962
94 113 620630272
36 114 864568005
46 115 904262013
84 116 221206802
38 117 522021485
58 118 565768131
16 119 38165529
95 120 709833708
116 121 934975007
30 122 756325620
117 123 296410887
115 124 244618268
105 125 836149052
74 126 88762680
95 127 281158008
78 128 796668786
31 129 925156638
51 130 244685183
9 131 123103377
109 132 633264002
29 133 970128962
27 134 556706761
65 135 388565257
81 136 823185024
44 137 804150170
25 138 594932055
36 139 839604367
6 140 891415049
96 141 277786096
88 142 153652055
87 143 729677880
13 144 157782252
42 145 395041114
21 146 76797193
26 147 215916140
67 148 633410770
45 149 158408621
85 150 996316248
85 151 61660702
82 152 288334302
141 153 252686075
66 154 933017932
28 155 260865589
53 156 766437217
2 157 480183046
132 158 260225129
107 159 634671403
145 160 323207191
123 161 844722435
158 162 553411267
70 163 106837621
125 164 934386428
49 165 657274923
90 166 143280509
90 167 885959712
112 168 211648671
77 169 304860008
37 170 828873416
147 171 51754111
65 172 20542861
8 173 295530222
160 174 552151432
136 175 505660650
15 176 482809985
114 177 758247458
17 178 501687683
89 179 60212100
90 180 385393210
132 181 382943926
121 182 549028847
119 183 461456034
183 184 895324192
7 185 733991038
7 186 167809496
17 187 867780495
137 188 906817553
184 189 267677713
29 190 658319976
93 191 205350837
124 192 408126294
154 193 890565507
155 194 464841213
135 195 487134996
1 196 989087671
169 197 425399835
6 198 3912539
58 199 407940594
1 200 620231696
164 201 703009850
68 202 931180262
59 203 768992532
44 204 393709145
121 205 688919732
60 206 688151378
27 207 804199731
202 208 114810767
112 209 913262866
192 210 244008311
29 211 762742703
159 212 383416754
117 213 439271380
63 214 664629532
106 215 36182927
81 216 923752637
90 217 793514604
172 218 75196798
77 219 354228619
8 220 615893610
184 221 598811820
104 222 649380490
82 223 342181861
151 224 846921920
103 225 81914400
143 226 800882086
126 227 372129680
61 228 381113050
96 229 730949070
42 230 170795106
6 231 842716793
10 232 824502872
18 233 521403681
88 234 629733876
90 235 917585111
59 236 307745332
128 237 306110445
67 238 81850825
143 239 728236961
52 240 484291275
50 241 55996150
125 242 229010107
210 243 450505902
13 244 515209898
161 245 114884764
66 246 963433787
26 247 854535398
113 248 888978201
34 249 259155129
219 250 988577547
236 251 458771853
50 252 120829038
233 253 227036955
171 254 85819802
80 255 167222956
15 256 459449025
170 257 462469221
101 258 110292919
175 259 293895839
231 260 102561374
130 261 912572483
65 262 99403993
82 263 631529555
62 264 44960503
258 265 58835692
140 266 647113225
200 267 46269722
197 268 124663964
100 269 669926437
95 270 832226892
120 271 436898956
151 272 681505049
200 273 104042433
125 274 298993570
101 275 901573993
29 276 79233837
260 277 504771550
175 278 448428298
33 279 836162078
45 280 513402991
221 281 370386977
114 282 217407788
18 283 646063415
60 284 232754319
227 285 318073499
27 286 682567607
188 287 482686811
279 288 250522060
199 289 686830171
79 290 166365052
32 291 76260976
94 292 563563249
56 293 121924956
203 294 821028133
141 295 394260582
71 296 45904857
128 297 88367242
47 298 318122953
34 299 320669571
136 300 256701925
122 301 621429794
72 302 627043250
80 303 584435685
15 304 935717120
33 305 105873012
122 306 738258946
197 307 701370626
168 308 723947534
276 309 569849112
73 310 878278836
101 311 968886143
231 312 557970855
267 313 253592600
252 314 564732947
296 315 738632612
208 316 19496680
236 317 34395616
71 318 50245710
102 319 888462370
288 320 459446532
271 321 538084831
207 322 144528472
311 323 919396694
168 324 261184855
169 325 194258536
158 326 70423813
64 327 919849265
234 328 108293227
327 329 936996005
7 330 539423451
260 331 448033541
318 332 815507265
177 333 789008932
207 334 167988212
84 335 5595761
192 336 884079881
328 337 457084198
252 338 240865222
139 339 9802563
34 340 889713217
107 341 45552457
234 342 29941509
281 343 260039804
208 344 20661993
273 345 977005900
144 346 681373873
294 347 40145459
188 348 591547149
27 349 553008144
158 350 753777151
174 351 970163366
211 352 675324348
45 353 840300497
16 354 954101802
351 355 200971394
89 356 678196285
128 357 340159568
311 358 684501519
189 359 106917612
198 360 518657947
309 361 172652251
252 362 432784765
100 363 137113928
287 364 992242799
59 365 105956842
149 366 882706664
73 367 567046309
158 368 112606488
200 369 991436821
146 370 94260694
12 371 825647145
83 372 701916605
40 373 274859027
47 374 234022232
174 375 171196460
317 376 83922830
203 377 265527569
211 378 308393176
371 379 287343868
248 380 586442174
105 381 737461647
346 382 648960887
4 383 78432504
204 384 244813416
245 385 134929807
256 386 522789910
115 387 395685201
57 388 301833318
98 389 782972711
231 390 645512442
370 391 476851381
250 392 100605143
84 393 343922940
150 394 911871392
272 395 714325921
193 396 358831524
256 397 675978433
376 398 827058320
18 399 695971976
125 400 203872002
83 401 416956664
326 402 393934776
342 403 29047396
122 404 263684167
90 405 324055007
73 406 56456572
363 407 269535257
145 408 30636211
132 409 385027430
115 410 484946594
132 411 615703493
271 412 66494495
184 413 588325987
333 414 805210333
171 415 220136308
13 416 537593451
145 417 565363146
218 418 249414562
158 419 923336686
376 420 213245297
328 421 280424234
404 422 991165123
384 423 143870526
106 424 146654869
146 425 260570688
250 426 870451548
76 427 918347260
209 428 357624499
274 429 62838638
279 430 955985672
57 431 82834711
216 432 663665223
332 433 928891197
14 434 666548315
18 435 184035150
32 436 905208208
18 437 341588617
56 438 244397261
107 439 73803072
33 440 302718586
96 441 566130942
22 442 198568106
98 443 860859656
82 444 153636810
160 445 629346475
313 446 152802927
174 447 231718265
404 448 894124499
20 449 392510521
288 450 643429335
433 451 222002249
413 452 266372770
155 453 938921007
203 454 208141181
184 455 726027895
283 456 764030196
8 457 380600097
49 458 81566557
94 459 278551078
155 460 782863446
95 461 98335992
278 462 99846852
394 463 160003545
236 464 298547092
89 465 172109808
366 466 204780031
404 467 793439005
161 468 954399213
1 469 578628744
351 470 676977705
127 471 574644540
191 472 692915435
194 473 880536034
217 474 797986692
210 475 74372507
30 476 976205552
305 477 233289652
9 478 254174988
300 479 727431870
204 480 16310906
98 481 666860645
79 482 97393726
380 483 880125679
168 484 175726964
78 485 980592851
375 486 143149806
427 487 522586924
127 488 6577604
279 489 92675615
431 490 5457417
437 491 455691105
397 492 918611873
398 493 850187442
161 494 383111470
427 495 930494399
340 496 789306634
130 497 123886868
469 498 813263355
217 499 346450977
75 500 854741199
349 501 66181946
466 502 56705584
145 503 481215152
117 504 94015159
244 505 520152416
99 506 268575154
46 507 74578631
268 508 247251777
168 509 664343560
281 510 937159078
329 511 965848121
416 512 526113198
457 513 298578404
504 514 799353557
184 515 965723789
187 516 641452224
501 517 27036171
85 518 158738781
152 519 846030836
159 520 558368483
401 521 592613769
92 522 653007427
72 523 288095767
385 524 102014108
395 525 373944032
522 526 411860307
236 527 309834624
408 528 850496271
131 529 956914006
100 530 95850699
51 531 618985973
71 532 545925
47 533 225188931
379 534 147747749
374 535 241719538
63 536 492730991
394 537 545164588
113 538 435260083
139 539 783327014
268 540 869587786
160 541 963789103
226 542 661496519
419 543 11085630
480 544 536441470
65 545 552133629
300 546 640867046
346 547 513930555
246 548 204011917
309 549 742550779
206 550 54940560
427 551 60390880
303 552 689958387
447 553 267774592
46 554 796042102
199 555 401499485
127 556 222555383
530 557 441954283
327 558 217735343
1 559 698128166
323 560 523073086
446 561 853176354
421 562 751292167
481 563 606821535
382 564 193378503
444 565 533995029
141 566 763100824
56 567 828390868
43 568 430057676
252 569 685485168
518 570 72534601
163 571 344084117
548 572 908431017
8 573 954449699
210 574 951579686
72 575 291253221
411 576 600556246
288 577 162033668
281 578 735806579
212 579 162466820
98 580 291165385
532 581 799055276
493 582 31952464
482 583 414254484
250 584 481233595
35 585 38885576
345 586 28284778
324 587 799013989
302 588 348222591
78 589 534962023
560 590 270176256
318 591 690925417
512 592 325058299
504 593 988659646
283 594 26875505
378 595 962343966
530 596 676183112
136 597 739176284
109 598 28342374
566 599 162437116
94 600 136588173
508 601 953277786
466 602 70189203
102 603 831033000
4 604 845399136
385 605 103301152
510 606 752004908
530 607 488566164
364 608 268668175
171 609 425885772
604 610 707507023
86 611 717141809
395 612 544117644
259 613 62024777
317 614 26727931
523 615 348411224
36 616 641132136
229 617 644085504
580 618 480952949
201 619 263113234
99 620 732217351
570 621 92809979
111 622 137551331
236 623 1722559
480 624 765385486
536 625 454311882
309 626 121899343
367 627 477994320
386 628 531091577
201 629 244752861
95 630 694361940
490 631 55615733
139 632 831855873
511 633 36452413
367 634 663300454
503 635 654787157
496 636 77858517
478 637 380405539
207 638 903364620
430 639 378641664
488 640 528391233
148 641 844076101
489 642 593935247
395 643 566996630
332 644 357994434
118 645 351574683
409 646 287449312
355 647 692844533
238 648 905589896
585 649 591884059
365 650 91911481
191 651 324614692
463 652 882797351
533 653 447064601
351 654 848292556
340 655 766267358
444 656 988183979
133 657 64689561
410 658 514643839
574 659 539896322
323 660 489059277
384 661 1850377
172 662 770748357
276 663 811687673
144 664 11418740
445 665 411955399
26 666 492044244
259 667 44997475
153 668 376543236
584 669 681145836
372 670 81831057
612 671 581946515
616 672 200793015
499 673 267399587
214 674 339167166
111 675 105279630
502 676 343563413
215 677 957355697
674 678 994515973
512 679 807798844
558 680 299819417
244 681 378255203
627 682 67174808
332 683 952742855
638 684 384621940
454 685 242892898
445 686 585490872
615 687 955823330
611 688 134648386
148 689 742612928
177 690 102920248
338 691 224469248
221 692 179454968
292 693 984669585
220 694 759471594
525 695 123919083
554 696 703389329
119 697 738609476
224 698 341047688
205 699 767967974
699 700 859587288
674 701 292100445
364 702 20574891
433 703 558659795
271 704 536313153
79 705 60753274
618 706 502048452
142 707 132304949
405 708 469994575
493 709 939750326
503 710 521614257
688 711 658903289
561 712 660904028
574 713 234466900
317 714 956219978
323 715 171663918
600 716 82183428
15 717 688532896
631 718 242540423
531 719 177097305
619 720 377182299
320 721 359006073
199 722 858981527
389 723 28221963
168 724 243862735
522 725 283062563
470 726 160486840
350 727 936910255
470 728 603587207
696 729 890911202
681 730 662623561
563 731 837941398
539 732 542997297
281 733 910590203
525 734 5598679
130 735 434553632
68 736 955794512
297 737 47820234
129 738 465859025
193 739 666003237
434 740 910331978
314 741 632872102
305 742 552209333
685 743 996347476
150 744 89130705
707 745 13522786
352 746 126791555
180 747 14183255
491 748 93522975
270 749 632595108
354 750 231017415
35 751 245644268
128 752 913984720
283 753 218662579
368 754 750969283
77 755 919497160
605 756 446563444
141 757 430669462
526 758 93096482
302 759 52887267
294 760 225958709
737 761 727849048
103 762 226931482
748 763 891959280
450 764 274937264
342 765 904327635
28 766 220863372
679 767 912885243
315 768 804852681
52 769 541949919
459 770 322211397
169 771 491345222
256 772 720974266
345 773 425634169
240 774 53404651
49 775 955876467
144 776 899001434
564 777 786986551
175 778 240273458
556 779 945909576
527 780 104302353
329 781 696319726
281 782 893540020
603 783 621989696
199 784 263289380
606 785 606326169
592 786 262427237
10 787 452546965
516 788 820895724
323 789 442563659
154 790 53364861
461 791 926438808
390 792 382070580
667 793 765754083
550 794 301738919
350 795 336598500
605 796 242218038
270 797 670448870
652 798 994569809
366 799 35374436
586 800 41709029
406 801 60765908
35 802 747514893
448 803 132192217
247 804 521662041
520 805 242935943
660 806 864397989
360 807 491777600
19 808 410763149
139 809 50770254
549 810 287468544
794 811 256716829
159 812 753740797
164 813 970544043
470 814 928201633
580 815 686407972
764 816 679317379
328 817 66293030
804 818 179057396
731 819 723715032
297 820 434739543
307 821 85637943
348 822 433847395
374 823 8727185
670 824 124408412
619 825 280228651
82 826 641310065
421 827 135536755
651 828 838120149
148 829 328744130
390 830 775021299
697 831 209321318
602 832 473613834
806 833 213339565
649 834 292104677
795 835 567533025
623 836 831412509
377 837 138697015
471 838 830281271
228 839 13795757
380 840 152516519
429 841 986064995
722 842 208302866
378 843 203400733
167 844 194438772
842 845 891482989
294 846 6998904
508 847 313785205
158 848 241091105
130 849 622074517
530 850 294818113
507 851 689261686
799 852 706643560
304 853 49276592
514 854 55953811
271 855 413692414
442 856 698413694
656 857 268114627
138 858 929726417
851 859 86262967
25 860 553607983
851 861 648401644
841 862 873763688
445 863 725426323
352 864 111023086
821 865 78211818
410 866 317455414
237 867 417048599
538 868 87881513
156 869 949615909
371 870 54976444
29 871 639706389
CHANGE 665 4969884
CHANGE 461 586075692
CHANGE 591 353940271
CHANGE 355 269459565
QUERY 600 356
CHANGE 812 375021783
CHANGE 259 610237555
CHANGE 387 114698009
QUERY 871 652
CHANGE 636 424988837
QUERY 170 796
QUERY 711 541
QUERY 236 399
QUERY 421 224
CHANGE 304 256210028
CHANGE 770 401873736
CHANGE 684 813196354
QUERY 588 702
CHANGE 186 913855770
CHANGE 751 171260786
CHANGE 47 635417594
QUERY 779 510
CHANGE 195 519285786
CHANGE 429 229661295
CHANGE 624 198214835
QUERY 177 240
CHANGE 86 798495339
CHANGE 391 923725216
CHANGE 96 624505796
QUERY 230 730
CHANGE 526 816652065
QUERY 298 306
QUERY 560 387
QUERY 805 619
QUERY 654 463
CHANGE 326 786100504
CHANGE 475 939213383
QUERY 82 102
CHANGE 497 602359405
QUERY 185 731
QUERY 570 522
CHANGE 649 852320868
QUERY 154 739
QUERY 90 561
CHANGE 243 780062165
CHANGE 530 376761020
CHANGE 544 496082983
QUERY 50 346
QUERY 5 266
CHANGE 172 808131131
QUERY 852 114
CHANGE 752 411486987
CHANGE 413 163449402
CHANGE 285 957982597
QUERY 436 617
QUERY 34 848
QUERY 585 563
CHANGE 613 577141771
QUERY 385 33
CHANGE 707 531279736
QUERY 735 582
CHANGE 193 978731068
QUERY 402 490
CHANGE 623 2173958
CHANGE 724 742522878
CHANGE 813 122631379
CHANGE 570 219004721
QUERY 334 865
QUERY 312 392
QUERY 524 827
CHANGE 408 793230205
QUERY 177 831
CHANGE 347 636686864
CHANGE 736 261948777
QUERY 102 335
QUERY 335 216
CHANGE 403 992084726
CHANGE 461 985619934
QUERY 656 420
QUERY 244 418
QUERY 335 629
QUERY 14 63
CHANGE 203 386019553
QUERY 449 220
CHANGE 284 862625277
QUERY 446 669
CHANGE 780 678229547
QUERY 255 331
QUERY 559 159
CHANGE 855 426007671
QUERY 780 753
QUERY 850 394
QUERY 500 263
CHANGE 204 404302448
CHANGE 650 271064936
QUERY 444 215
QUERY 300 322
CHANGE 404 142502933
CHANGE 34 908808772
CHANGE 482 836504304
CHANGE 164 333704414
CHANGE 798 12613752
CHANGE 21 133762521
CHANGE 429 242810901
QUERY 242 709
QUERY 515 176
CHANGE 128 463908320
QUERY 642 337
QUERY 447 538
CHANGE 576 672214685
QUERY 644 309
CHANGE 824 222742314
CHANGE 352 984516177
QUERY 327 98
CHANGE 15 956585672
QUERY 181 408
QUERY 337 106
CHANGE 508 849336940
CHANGE 151 825656635
CHANGE 320 157178865
CHANGE 352 383471887
QUERY 466 451
CHANGE 732 686734006
CHANGE 719 882516393
CHANGE 597 653026142
CHANGE 244 908159223
CHANGE 830 214428952
CHANGE 474 559939070
QUERY 684 30
CHANGE 158 101422537
CHANGE 670 191495727
QUERY 747 548
QUERY 353 364
CHANGE 587 313340068
CHANGE 510 106039183
QUERY 265 719
QUERY 328 107
CHANGE 729 205733101
QUERY 485 813
QUERY 284 797
CHANGE 276 658232936
CHANGE 472 247810053
QUERY 601 765
QUERY 502 68
CHANGE 765 204303579
QUERY 584 623
CHANGE 527 131341216
QUERY 317 297
CHANGE 205 653122395
CHANGE 291 80277199
QUERY 548 18
CHANGE 646 735548759
CHANGE 641 588458244
CHANGE 188 847962908
QUERY 672 487
CHANGE 210 627438768
QUERY 741 504
QUERY 739 674
QUERY 55 318
QUERY 425 258
CHANGE 534 122338476
CHANGE 506 292747882
QUERY 742 736
CHANGE 306 803466018
CHANGE 144 502457507
QUERY 752 464
QUERY 126 100
QUERY 729 635
CHANGE 722 384954977
CHANGE 6 509713724
QUERY 704 40
CHANGE 40 262483155
QUERY 684 530
QUERY 44 585
QUERY 78 354
CHANGE 534 239229899
QUERY 304 544
QUERY 203 489
QUERY 211 531
CHANGE 848 540579754
QUERY 690 340
CHANGE 462 276280660
QUERY 421 188
QUERY 331 351
CHANGE 375 732703906
CHANGE 313 465987555
CHANGE 763 299711334
CHANGE 571 710491432
CHANGE 369 49785418
CHANGE 218 30707389
CHANGE 410 939317079
CHANGE 307 694192706
QUERY 573 719
CHANGE 591 79287897
CHANGE 144 969313670
QUERY 95 538
CHANGE 860 439515182
QUERY 804 93
QUERY 619 190
QUERY 70 267
CHANGE 212 330645459
CHANGE 457 886073353
QUERY 772 304
QUERY 637 89
CHANGE 176 415572381
CHANGE 388 726827125
CHANGE 30 882360049
CHANGE 431 399186285
CHANGE 302 702051667
QUERY 518 719
QUERY 60 333
QUERY 411 650
CHANGE 605 317787153
CHANGE 838 471382798
CHANGE 549 329989923
CHANGE 653 466651833
QUERY 66 190
QUERY 86 384
QUERY 566 611
CHANGE 481 276991091
QUERY 728 138
CHANGE 554 654210388
QUERY 235 578
CHANGE 787 732422998
CHANGE 259 623022977
CHANGE 457 748140873
CHANGE 44 204064426
CHANGE 606 916575679
CHANGE 156 608041540
QUERY 471 249
CHANGE 381 884460800
QUERY 820 59
CHANGE 288 984918387
QUERY 56 855
QUERY 18 477
QUERY 638 767
QUERY 52 422
CHANGE 483 336358963
QUERY 442 798
QUERY 755 190
CHANGE 543 492836217
CHANGE 812 457718997
CHANGE 321 309802332
QUERY 417 129
CHANGE 80 413065972
QUERY 256 97
CHANGE 504 743411825
CHANGE 56 329599449
CHANGE 158 629710272
CHANGE 782 392335805
QUERY 644 649
CHANGE 531 449328679
QUERY 515 794
CHANGE 451 561939542
CHANGE 161 326536386
QUERY 354 672
CHANGE 748 980867812
QUERY 256 471
CHANGE 837 276374565
CHANGE 425 264204353
QUERY 286 156
QUERY 47 119
QUERY 404 562
QUERY 417 40
CHANGE 33 852127893
QUERY 229 800
QUERY 510 431
QUERY 321 392
CHANGE 484 133148894
CHANGE 165 294322985
QUERY 392 683
QUERY 647 93
CHANGE 410 999148098
QUERY 631 76
CHANGE 543 241505357
QUERY 264 340
CHANGE 337 404497170
QUERY 322 261
QUERY 475 295
QUERY 521 453
QUERY 794 335
QUERY 375 786
CHANGE 828 746104172
QUERY 705 364
QUERY 113 229
CHANGE 60 466773679
CHANGE 603 251960671
CHANGE 630 110364522
CHANGE 359 82984152
QUERY 316 598
QUERY 731 284
QUERY 367 211
QUERY 352 60
CHANGE 744 208950657
QUERY 461 660
CHANGE 46 590243343
CHANGE 426 90059456
CHANGE 118 924838420
CHANGE 521 919453845
CHANGE 90 360458661
CHANGE 273 159615773
CHANGE 113 309354239
QUERY 504 265
QUERY 131 828
CHANGE 109 41725846
QUERY 487 307
CHANGE 140 817427903
CHANGE 210 340469631
CHANGE 793 614542982
QUERY 524 787
QUERY 70 198
CHANGE 1 710816552
CHANGE 192 755050946
QUERY 105 585
CHANGE 720 309528344
QUERY 536 425
CHANGE 456 571956118
QUERY 637 139
QUERY 360 96
QUERY 231 231
CHANGE 719 747068558
CHANGE 315 158152796
CHANGE 528 494994485
QUERY 100 176
QUERY 36 274
QUERY 271 157
QUERY 47 245
CHANGE 210 463226470
QUERY 121 672
CHANGE 779 633528639
CHANGE 155 477865273
CHANGE 83 994117018
CHANGE 35 191317283
CHANGE 341 447186469
CHANGE 582 776943044
CHANGE 199 913459427
CHANGE 532 16120802
CHANGE 530 376314509
CHANGE 130 625630683
CHANGE 624 563829341
CHANGE 24 131363929
CHANGE 535 346641990
QUERY 237 834
CHANGE 367 441344795
QUERY 301 352
CHANGE 259 225317168
CHANGE 738 66975334
QUERY 853 780
QUERY 163 438
QUERY 233 298
CHANGE 137 650047483
QUERY 411 149
QUERY 142 520
QUERY 400 16
CHANGE 822 167918746
CHANGE 262 438670781
CHANGE 7 351394120
CHANGE 336 438899974
CHANGE 754 355134425
QUERY 371 380
QUERY 601 676
QUERY 757 80
QUERY 421 618
CHANGE 386 116261183
CHANGE 78 243443786
CHANGE 179 534428318
QUERY 564 104
QUERY 220 740
QUERY 586 808
CHANGE 760 924374564
QUERY 169 100
QUERY 738 102
CHANGE 243 822339042
QUERY 268 445
CHANGE 502 916881277
QUERY 661 700
CHANGE 435 179823050
QUERY 257 577
CHANGE 787 453595682
CHANGE 559 734892221
CHANGE 550 232509919
QUERY 863 256
QUERY 862 32
CHANGE 509 34400019
QUERY 613 627
QUERY 718 305
CHANGE 453 646880411
CHANGE 585 137096747
QUERY 844 2
QUERY 764 663
CHANGE 440 485631266
QUERY 29 444
QUERY 651 542
CHANGE 453 109047295
CHANGE 341 14272016
CHANGE 674 179867745
QUERY 753 647
QUERY 359 445
CHANGE 804 968575463
CHANGE 852 636217742
QUERY 244 192
CHANGE 267 369759316
QUERY 121 177
QUERY 251 281
CHANGE 577 86601203
CHANGE 691 467138564
QUERY 480 545
CHANGE 559 773849736
QUERY 432 174
CHANGE 270 903951658
QUERY 231 826
QUERY 641 26
CHANGE 153 91247014
CHANGE 653 606757600
QUERY 477 753
CHANGE 4 840463424
QUERY 491 178
QUERY 638 381
QUERY 871 844
QUERY 804 285
CHANGE 471 895627252
QUERY 691 623
CHANGE 163 286239432
QUERY 288 306
CHANGE 653 100200518
CHANGE 762 423392124
CHANGE 233 86038680
QUERY 20 181
CHANGE 833 824462023
CHANGE 345 79295185
QUERY 5 270
QUERY 99 89
CHANGE 484 160606455
QUERY 421 269
CHANGE 471 510127024
QUERY 808 827
QUERY 209 514
CHANGE 721 94616286
CHANGE 782 259752652
QUERY 759 799
QUERY 102 87
QUERY 9 180
CHANGE 531 694696276
CHANGE 661 672885653
QUERY 482 425
CHANGE 398 661586848
QUERY 175 434
QUERY 190 599
QUERY 715 715
CHANGE 352 451871832
CHANGE 494 104642735
QUERY 342 53
QUERY 255 55
CHANGE 45 615484195
CHANGE 460 508687741
QUERY 422 245
CHANGE 753 312767344
QUERY 190 45
QUERY 54 335
QUERY 501 786
CHANGE 742 348976441
QUERY 602 295
CHANGE 38 25541586
CHANGE 486 180071899
QUERY 732 420
CHANGE 435 365165922
CHANGE 815 383268203
QUERY 676 487
CHANGE 381 998526688
CHANGE 36 762737368
QUERY 252 383
CHANGE 561 556378832
CHANGE 39 978612125
CHANGE 40 103394260
QUERY 802 392
QUERY 839 651
CHANGE 212 632977000
CHANGE 778 290511506
QUERY 76 649
QUERY 610 512
CHANGE 660 519426119
QUERY 640 201
CHANGE 669 869183008
QUERY 310 570
QUERY 217 91
CHANGE 402 865886049
QUERY 751 605
QUERY 299 553
QUERY 670 450
CHANGE 177 247762628
QUERY 816 487
CHANGE 337 247358071
QUERY 209 110
QUERY 543 868
CHANGE 250 56273233
QUERY 332 237
CHANGE 28 508063356
QUERY 858 242
QUERY 838 682
QUERY 25 375
CHANGE 68 6655350
CHANGE 518 287209088
CHANGE 87 697170998
QUERY 30 254
QUERY 731 523
CHANGE 780 57682746
QUERY 460 449
QUERY 84 502
CHANGE 573 539618201
CHANGE 766 346345020
QUERY 602 474
QUERY 444 755
CHANGE 179 706475255
QUERY 866 457
QUERY 174 195
QUERY 629 631
QUERY 98 46
QUERY 860 857
QUERY 404 705
QUERY 61 331
QUERY 762 425
QUERY 257 746
QUERY 598 315
CHANGE 265 622026058
CHANGE 735 915622471
QUERY 462 482
CHANGE 267 108388366
CHANGE 513 6560378
CHANGE 391 441471601
CHANGE 739 720841197
QUERY 495 757
QUERY 335 571
CHANGE 209 37961405
QUERY 840 188
QUERY 175 807
QUERY 357 593
QUERY 204 845
QUERY 714 646
CHANGE 540 965299825
CHANGE 403 23296065
QUERY 44 62
QUERY 402 668
QUERY 494 744
CHANGE 61 198211842
QUERY 180 744
QUERY 78 440
CHANGE 22 791898746
CHANGE 138 732530751
QUERY 44 255
QUERY 659 355
CHANGE 98 109562590
QUERY 196 312
CHANGE 709 739189237
CHANGE 447 296761666
CHANGE 329 797811840
QUERY 232 607
CHANGE 41 177342607
QUERY 737 383
CHANGE 296 99286572
QUERY 714 844
CHANGE 293 713290053
CHANGE 87 872035941
QUERY 277 664
QUERY 776 708
QUERY 621 249
CHANGE 325 256617114
QUERY 52 691
CHANGE 824 322138067
CHANGE 282 384540423
CHANGE 773 81382812
QUERY 374 464
CHANGE 198 51804133
QUERY 190 413
QUERY 240 338
QUERY 448 796
CHANGE 801 188827403
CHANGE 317 388819136
CHANGE 309 632763814
CHANGE 39 966587169
CHANGE 820 884238506
CHANGE 349 739915868
CHANGE 455 742779078
CHANGE 850 4132128
QUERY 242 593
QUERY 32 47
QUERY 424 512
QUERY 403 435
QUERY 173 306
CHANGE 870 194470929
QUERY 449 237
CHANGE 338 102007598
QUERY 631 696
CHANGE 431 964119505
QUERY 482 66
CHANGE 293 668815248
QUERY 228 63
QUERY 575 171
CHANGE 743 366468726
QUERY 452 796
CHANGE 524 688874031
QUERY 529 164
QUERY 764 316
CHANGE 182 270569903
CHANGE 717 899093466
QUERY 706 9
QUERY 336 575
CHANGE 830 56246107
QUERY 115 589
QUERY 473 677
CHANGE 57 361804392
CHANGE 597 439700145
QUERY 799 832
QUERY 180 477
CHANGE 622 235909606
CHANGE 554 871384649
CHANGE 383 130297895
CHANGE 125 551384251
CHANGE 325 924136045
CHANGE 237 543369897
CHANGE 43 422345711
CHANGE 159 30903412
QUERY 341 414
CHANGE 650 329263817
CHANGE 744 966363936
CHANGE 831 864326484
QUERY 437 307
CHANGE 437 484364604
CHANGE 785 146218254
CHANGE 686 91033152
CHANGE 773 198960814
CHANGE 844 88012096
CHANGE 195 119239865
QUERY 713 317
QUERY 725 44
CHANGE 639 13508501
CHANGE 412 144138686
CHANGE 451 138184708
CHANGE 250 126049461
QUERY 262 521
QUERY 294 159
QUERY 553 28
QUERY 28 15
QUERY 715 134
QUERY 773 484
CHANGE 863 1337835
QUERY 247 689
CHANGE 718 374536040
CHANGE 662 350713480
QUERY 730 793
QUERY 262 669
CHANGE 566 807126258
QUERY 764 90
CHANGE 178 638346135
QUERY 356 484
CHANGE 352 321129515
CHANGE 218 960728674
QUERY 495 20
CHANGE 792 695219439
CHANGE 867 137614822
QUERY 454 824
CHANGE 278 109981931
QUERY 51 132
QUERY 187 290
CHANGE 754 336464317
CHANGE 67 81415153
QUERY 479 423
QUERY 555 388
QUERY 111 809
CHANGE 659 674262774
QUERY 797 30
CHANGE 409 651373876
CHANGE 149 195855042
CHANGE 141 640189444
QUERY 397 183
QUERY 350 608
QUERY 288 728
QUERY 463 52
QUERY 560 383
CHANGE 355 439540932
QUERY 592 503
CHANGE 659 750774207
QUERY 725 338
QUERY 603 89
CHANGE 101 922960295
CHANGE 729 888428979
QUERY 24 763
CHANGE 71 539441222
CHANGE 46 686963891
CHANGE 213 229370770
QUERY 700 253
CHANGE 32 601341128
QUERY 293 447
QUERY 182 619
CHANGE 554 147242253
CHANGE 478 761923528
CHANGE 204 170503603
CHANGE 335 410450243
QUERY 223 62
QUERY 788 3
CHANGE 825 314682078
QUERY 500 618
QUERY 89 864
CHANGE 678 992272036
QUERY 183 729
QUERY 552 535
QUERY 307 34
CHANGE 166 567926254
QUERY 312 851
CHANGE 76 954309783
QUERY 348 524
QUERY 723 571
CHANGE 583 245851320
QUERY 799 111
QUERY 95 610
QUERY 809 281
QUERY 108 292
CHANGE 824 709847804
QUERY 440 515
QUERY 442 312
QUERY 582 726
CHANGE 113 472772873
QUERY 96 100
CHANGE 21 890926697
QUERY 38 587
CHANGE 533 212804455
QUERY 443 455
CHANGE 207 153546052
QUERY 222 46
CHANGE 268 483299020
CHANGE 323 567830693
QUERY 360 859
QUERY 785 572
QUERY 406 750
QUERY 761 678
CHANGE 132 790120277
CHANGE 831 404329000
QUERY 261 443
CHANGE 42 840578070
CHANGE 469 143874243
CHANGE 336 176872077
QUERY 659 360
QUERY 205 378
CHANGE 397 186770283
QUERY 307 669
CHANGE 187 669262487
CHANGE 86 166052623
QUERY 842 833
CHANGE 675 512066555
QUERY 479 852
QUERY 829 266
CHANGE 293 550960349
CHANGE 244 463909407
QUERY 235 397
QUERY 549 92
CHANGE 346 592380272
QUERY 3 375
CHANGE 743 685347737
QUERY 643 747
CHANGE 663 857312149
QUERY 810 76
QUERY 234 159
QUERY 371 770
QUERY 733 703
QUERY 396 299
CHANGE 271 576454107
CHANGE 845 454652818
CHANGE 599 421446692
CHANGE 178 505367415
CHANGE 345 685719581
QUERY 39 749
CHANGE 748 286544274
CHANGE 248 87519189
QUERY 580 679
QUERY 236 10
CHANGE 236 344129034
CHANGE 672 532735665
CHANGE 343 804779306
CHANGE 586 182615879
CHANGE 307 142672884
QUERY 251 598
CHANGE 516 172253158
QUERY 256 862
QUERY 492 128
CHANGE 282 707247009
QUERY 292 527
QUERY 579 698
CHANGE 107 218172110
QUERY 601 479
QUERY 19 640
QUERY 411 538
QUERY 62 248
QUERY 467 508
QUERY 728 92
QUERY 593 535
CHANGE 702 961458494
QUERY 144 775
CHANGE 616 80929734
CHANGE 673 274649132
CHANGE 121 653023867
CHANGE 361 152363951
CHANGE 222 697227641
QUERY 747 710
QUERY 97 836
CHANGE 114 293478730
QUERY 299 644
CHANGE 759 150645022
CHANGE 698 23810746
QUERY 269 410
CHANGE 721 128726072
QUERY 566 14
QUERY 558 319
CHANGE 157 495178630
QUERY 641 232
CHANGE 719 261626084
QUERY 457 492
CHANGE 589 377777272
CHANGE 336 63675435
CHANGE 36 39139262
CHANGE 338 14817363
QUERY 282 544
QUERY 545 110
QUERY 382 106
QUERY 405 423
QUERY 521 396
CHANGE 669 998844318
CHANGE 811 209685380
QUERY 583 779
CHANGE 703 25740250
QUERY 443 512
QUERY 707 341
QUERY 373 452
CHANGE 129 167096647
CHANGE 309 323839822
CHANGE 274 46337494
QUERY 76 514
QUERY 493 604
CHANGE 693 133193290
QUERY 236 748
QUERY 593 33
QUERY 228 476
CHANGE 556 737836197
CHANGE 344 48303703
QUERY 100 805
QUERY 398 555
QUERY 816 803
QUERY 793 677
CHANGE 825 651566246
CHANGE 544 858329063
CHANGE 546 105002426
QUERY 599 460
CHANGE 470 153121971
QUERY 566 299
CHANGE 499 109371920
QUERY 52 298
QUERY 376 755
CHANGE 485 713972884
CHANGE 29 900910325
QUERY 343 702
QUERY 773 542
QUERY 612 135
QUERY 538 16
CHANGE 37 799743264
CHANGE 428 14289703
CHANGE 160 115848215
CHANGE 560 451191202
QUERY 472 281
QUERY 562 733
CHANGE 572 665189119
QUERY 12 9
CHANGE 546 925754947
CHANGE 813 208480909
DONE